# n = 50000
# m = 332089
# d_medio = 13.28
2 0.566880
3 0.002220
4 0.003160
5 0.004340
6 0.005540
7 0.006640
8 0.007440
9 0.008260
10 0.009640
11 0.010920
12 0.011760
13 0.012500
14 0.013740
15 0.015040
16 0.016040
17 0.016720
18 0.017740
19 0.017740
20 0.018300
21 0.020840
22 0.020860
23 0.022460
24 0.023100
25 0.023600
26 0.002920
27 0.003020
28 0.003060
29 0.003360
30 0.003220
31 0.003540
32 0.004080
33 0.003620
34 0.004180
35 0.003900
36 0.003720
37 0.003620
38 0.003520
39 0.003140
40 0.003760
41 0.003220
42 0.002880
43 0.003360
44 0.002580
45 0.002560
46 0.002160
47 0.001840
48 0.001520
49 0.001300
50 0.001040
51 0.001120
52 0.000780
53 0.001120
54 0.000680
55 0.001320
56 0.000680
57 0.001100
58 0.000680
59 0.001220
60 0.000840
61 0.001260
62 0.000500
63 0.001220
64 0.000380
65 0.000960
66 0.000440
67 0.001120
68 0.000440
69 0.000800
70 0.000440
71 0.001000
72 0.000320
73 0.001000
74 0.000380
75 0.001000
76 0.000300
77 0.001240
78 0.000280
79 0.001120
80 0.000220
81 0.001280
82 0.000340
83 0.001060
84 0.000220
85 0.001200
86 0.000280
87 0.001260
88 0.000260
89 0.001400
90 0.000500
91 0.001400
92 0.000280
93 0.001420
94 0.000340
95 0.001320
96 0.000220
97 0.001220
98 0.000260
99 0.001560
100 0.000240
101 0.001640
102 0.000300
103 0.000260
104 0.000240
105 0.000420
106 0.000300
107 0.000360
108 0.000260
109 0.000360
110 0.000300
111 0.000360
112 0.000260
113 0.000220
114 0.000260
115 0.000400
116 0.000240
117 0.000100
118 0.000220
119 0.000220
120 0.000200
121 0.000200
122 0.000100
123 0.000100
124 0.000160
125 0.000040
126 0.000120
127 0.000120
128 0
129 0.000060
130 0.000060
131 0.000040
132 0.000080
133 0.000060
134 0.000020
135 0.000160
136 0.000040
137 0.000040
138 0.000080
139 0.000080
140 0
141 0.000040
142 0.000020
143 0
144 0.000020
145 0.000020
146 0.000040
147 0.000020
148 0.000040
149 0.000020
150 0
151 0.000020
152 0.000060
153 0
154 0.000020
155 0.000020
156 0
157 0.000020
158 0.000020
159 0.000020
160 0.000020
161 0.000020
162 0.000040
163 0.000040
164 0.000020
165 0
166 0
167 0.000020
168 0
169 0
170 0
171 0
172 0.000020
173 0.000040
174 0
175 0.000020
176 0.000020
177 0.000020
178 0
179 0
180 0.000020
181 0.000020
182 0.000040
183 0
184 0
185 0
186 0.000020
187 0
188 0.000020
189 0
190 0.000020
191 0.000020
192 0
193 0.000020
194 0
195 0.000020
196 0
197 0
198 0
199 0
200 0
201 0
202 0
203 0.000020
